72 1.008
93 4.0026
61 6.94
67 9.0122
66 10.81
67 12.011
78 14.007
79 15.999
70 18.998
119 20.18
115 22.99
90 24.305
43 26.982
118 28.085
80 30.974
83 32.06
105 35.45
49 39.948
75 39.098
94 40.078
112 44.956
149 47.867
86 50.942
111 51.996
97 54.938
31 55.845
108 58.933
123 58.693
114 63.546
20 65.38
58 69.723
62 72.63
50 74.922
114 78.96
80 79.904
39 83.798
80 85.468
127 87.62
89 88.906
24 91.224
116 92.906
98 95.96
143 97.91
99 101.07
86 102.91
20 106.42
38 107.87
97 112.41
133 114.82
123 118.71
111 121.76
145 127.6
73 126.9
109 131.29
112 132.91
63 137.33
53 138.91
98 140.12
34 140.91
118 144.24
29 144.91
122 150.36
16 151.96
61 157.25
142 158.92
149 162.5
103 164.93
13 167.26
153 168.93
137 173.05
73 174.97
94 178.49
141 180.95
87 183.84
83 186.21
4 190.23
137 192.22
36 195.08
52 196.97
95 200.59
152 204.38
18 207.2
71 208.98
31 208.98
51 209.99
92 222.02
44 223.02
79 226.03
34 22.03
148 232.04
17 231.04
85 238.03
130 237.05
37 244.06
44 243.06
106 247.07
73 247.07
99 251.08
14 252.08
39 257.1
87 258.1
129 259.1
70 262.11
84 265.12
126 268.13
116 271.13
70 270
107 277.15
103 276.15
143 281.16
85 280.16
107 285.17
148 284.18
38 289.19
144 288.19
74 293
147 294
143 294
